42
0.4176447193404539 0.16471056131909223 0.4176447193404539
0.4176447193404539 0.4176447193404542 0.1647105613190919
0.1647105613190919 0.4176447193404542 0.4176447193404539
0.2983728821362577 0.01464695005565464 0.6869801678080877
0.6869801678080877 0.2983728821362578 0.014646950055654528
0.014646950055654417 0.6869801678080881 0.29837288213625746
0.6869801678080877 0.01464695005565464 0.2983728821362577
0.29837288213625746 0.6869801678080881 0.014646950055654417
0.014646950055654528 0.298372882136258 0.6869801678080875
0.06179988309087281 0.061799883090872365 0.8764002338182548
0.8764002338182546 0.06179988309087292 0.061799883090872476
0.061799883090872365 0.8764002338182553 0.061799883090872365
0.33686145979634496 0.09291624935697212 0.570222290846683
0.570222290846683 0.3368614597963451 0.09291624935697196
0.09291624935697196 0.5702222908466832 0.33686145979634485
0.570222290846683 0.09291624935697212 0.33686145979634485
0.3368614597963449 0.5702222908466832 0.09291624935697196
0.0929162493569719 0.33686145979634524 0.5702222908466829
0.2734775283088386 0.2734775283088388 0.4530449433823226
0.4530449433823226 0.2734775283088388 0.27347752830883865
0.27347752830883854 0.453044943382323 0.2734775283088384
0.17720553241254333 0.17720553241254344 0.6455889351749132
0.6455889351749133 0.17720553241254344 0.17720553241254322
0.1772055324125431 0.6455889351749138 0.1772055324125431
0.01939096124870121 0.019390961248700656 0.9612180775025981
0.9612180775025979 0.01939096124870121 0.019390961248700878
0.019390961248701766 0.9612180775025966 0.019390961248701655
0.4889639103621788 0.022072179275642534 0.4889639103621787
0.4889639103621787 0.48896391036217873 0.022072179275642645
0.022072179275642645 0.48896391036217873 0.48896391036217857
0.1722666878213555 0.057124757403647974 0.7706085547749966
0.7706085547749967 0.17226668782135568 0.05712475740364764
0.057124757403647974 0.770608554774997 0.172266687821355
0.7706085547749966 0.057124757403647974 0.17226668782135546
0.1722666878213555 0.770608554774997 0.05712475740364753
0.05712475740364764 0.17226668782135568 0.7706085547749967
0.118974497696957 0.0012683309328721526 0.8797571713701708
0.8797571713701711 0.1189744976969569 0.0012683309328720416
0.0012683309328722636 0.8797571713701716 0.11897449769695612
0.879757171370171 0.0012683309328721526 0.1189744976969569
0.11897449769695673 0.8797571713701716 0.0012683309328715975
0.0012683309328720416 0.1189744976969569 0.8797571713701711
0.016394176772062685
0.016394176772062685
0.016394176772062685
0.007218154056766914
0.007218154056766914
0.007218154056766914
0.007218154056766914
0.007218154056766914
0.007218154056766914
0.007216849834888331
0.007216849834888331
0.007216849834888331
0.019285755393530366
0.019285755393530366
0.019285755393530366
0.019285755393530366
0.019285755393530366
0.019285755393530366
0.025887052253645813
0.025887052253645813
0.025887052253645813
0.02108129436849654
0.02108129436849654
0.02108129436849654
0.0024617018012000435
0.0024617018012000435
0.0024617018012000435
0.010941790684714462
0.010941790684714462
0.010941790684714462
0.012332876606281856
0.012332876606281856
0.012332876606281856
0.012332876606281856
0.012332876606281856
0.012332876606281856
0.0025051144192503373
0.0025051144192503373
0.0025051144192503373
0.0025051144192503373
0.0025051144192503373
0.0025051144192503373
