28
0.030846895635588067 0.030846895635587845 0.9383062087288241
0.9383062087288239 0.0308468956355884 0.030846895635587734
0.030846895635586624 0.9383062087288268 0.030846895635586624
0.4987801651784607 0.0024396696430787346 0.4987801651784606
0.4987801651784612 0.4987801651784607 0.0024396696430781795
0.0024396696430784015 0.49878016517846124 0.49878016517846036
0.15930361983769364 0.014366662569555766 0.8263297175927506
0.8263297175927506 0.15930361983769364 0.014366662569555766
0.014366662569555433 0.8263297175927512 0.15930361983769337
0.8263297175927506 0.014366662569555766 0.1593036198376936
0.15930361983769342 0.8263297175927512 0.014366662569555322
0.014366662569555655 0.15930361983769364 0.8263297175927506
0.33333333333333326 0.3333333333333335 0.33333333333333326
0.11320782728669421 0.11320782728669365 0.7735843454266121
0.7735843454266119 0.11320782728669421 0.11320782728669387
0.11320782728669382 0.7735843454266121 0.1132078272866941
0.43665501639317594 0.1266899672136481 0.43665501639317594
0.43665501639317605 0.43665501639317594 0.126689967213648
0.12668996721364778 0.43665501639317655 0.4366550163931757
0.21448345861926954 0.21448345861926899 0.5710330827614615
0.5710330827614613 0.2144834586192696 0.2144834586192692
0.21448345861926932 0.5710330827614615 0.2144834586192692
0.31063121631346313 0.047664066972150754 0.6417047167143861
0.641704716714386 0.31063121631346313 0.047664066972150865
0.047664066972150754 0.6417047167143866 0.3106312163134627
0.6417047167143861 0.047664066972150754 0.31063121631346313
0.31063121631346274 0.6417047167143866 0.04766406697215064
0.047664066972150754 0.31063121631346347 0.6417047167143858
0.006124648475353978
0.006124648475353978
0.006124648475353978
0.006232745936940684
0.006232745936940684
0.006232745936940684
0.007278811668904613
0.007278811668904613
0.007278811668904613
0.007278811668904613
0.007278811668904613
0.007278811668904613
0.04072256735467568
0.020064621190654164
0.020064621190654164
0.020064621190654164
0.03154743607994946
0.03154743607994946
0.03154743607994946
0.03392255387184767
0.03392255387184767
0.03392255387184767
0.02032142432794326
0.02032142432794326
0.02032142432794326
0.02032142432794326
0.02032142432794326
0.02032142432794326
