15
0.4731956536892512 0.0536086926214977 0.4731956536892511
0.4731956536892511 0.4731956536892509 0.05360869262149803
0.05360869262149781 0.4731956536892515 0.47319565368925076
0.05779764005450694 0.05779764005450616 0.8844047198909869
0.8844047198909871 0.057797640054506716 0.05779764005450616
0.05779764005450616 0.8844047198909877 0.05779764005450616
0.2593390118657858 0.04697120613008543 0.6936897820041288
0.6936897820041287 0.2593390118657857 0.04697120613008565
0.04697120613008554 0.6936897820041289 0.25933901186578556
0.6936897820041288 0.04697120613008543 0.2593390118657858
0.25933901186578556 0.6936897820041289 0.04697120613008554
0.04697120613008565 0.2593390118657857 0.6936897820041287
0.24166360639724727 0.2416636063972475 0.5166727872055052
0.5166727872055052 0.2416636063972475 0.24166360639724727
0.24166360639724715 0.5166727872055057 0.24166360639724715
0.026590416648380237
0.026590416648380237
0.026590416648380237
0.02045908519702843
0.02045908519702843
0.02045908519702843
0.027877270270345544
0.027877270270345544
0.027877270270345544
0.027877270270345544
0.027877270270345544
0.027877270270345544
0.0638626242805668
0.0638626242805668
0.0638626242805668
