19
0.4896825191987377 0.02063496160252465 0.48968251919873773
0.48968251919873773 0.4896825191987377 0.020634961602524537
0.020634961602524426 0.48968251919873823 0.4896825191987373
0.33333333333333326 0.3333333333333335 0.33333333333333326
0.18820353561903258 0.1882035356190328 0.6235929287619346
0.6235929287619346 0.1882035356190328 0.18820353561903258
0.18820353561903258 0.623592928761935 0.18820353561903247
0.22196298916076596 0.03683841205473615 0.7411985987844979
0.7411985987844982 0.22196298916076546 0.03683841205473626
0.03683841205473626 0.7411985987844985 0.2219629891607653
0.741198598784498 0.03683841205473615 0.22196298916076584
0.2219629891607658 0.7411985987844985 0.036838412054735814
0.036838412054736036 0.221962989160766 0.741198598784498
0.43708959149293675 0.1258208170141265 0.4370895914929367
0.43708959149293664 0.4370895914929368 0.12582081701412662
0.12582081701412662 0.4370895914929368 0.4370895914929366
0.044729513394452636 0.04472951339445275 0.9105409732110946
0.9105409732110946 0.04472951339445275 0.044729513394452636
0.044729513394452414 0.9105409732110952 0.044729513394452414
0.015667350113569536
0.015667350113569536
0.015667350113569536
0.04856789814139952
0.03982386946360524
0.03982386946360524
0.03982386946360524
0.021641769688644702
0.021641769688644702
0.021641769688644702
0.021641769688644702
0.021641769688644702
0.021641769688644702
0.038913770502387084
0.038913770502387084
0.038913770502387084
0.012788837829349035
0.012788837829349035
0.012788837829349035
