14
0.09273525031089125 0.09273525031089125 0.7217942490673264 0.09273525031089114
0.45449629587435036 0.045503704125649524 0.4544962958743507 0.045503704125649413
0.04550370412564975 0.4544962958743504 0.4544962958743501 0.045503704125649636
0.04550370412564958 0.04550370412564975 0.4544962958743501 0.4544962958743506
0.3108859192633006 0.3108859192633006 0.06734224221009827 0.31088591926330045
0.06734224221009832 0.3108859192633008 0.31088591926330056 0.31088591926330034
0.3108859192633005 0.06734224221009832 0.31088591926330067 0.31088591926330045
0.3108859192633008 0.3108859192633008 0.31088591926330056 0.06734224221009788
0.7217942490673263 0.09273525031089136 0.09273525031089125 0.09273525031089114
0.09273525031089125 0.09273525031089136 0.09273525031089125 0.7217942490673261
0.0927352503108913 0.721794249067326 0.09273525031089125 0.09273525031089147
0.45449629587435064 0.4544962958743505 0.0455037041256493 0.045503704125649524
0.4544962958743502 0.04550370412564958 0.04550370412564991 0.45449629587435036
0.045503704125649636 0.4544962958743505 0.0455037041256493 0.4544962958743506
0.012248840519393666
0.007091003462846905
0.007091003462846905
0.007091003462846924
0.018781320953002594
0.018781320953002594
0.018781320953002594
0.018781320953002594
0.012248840519393647
0.012248840519393666
0.012248840519393647
0.007091003462846905
0.007091003462846905
0.007091003462846905
