31
0.019207993488585207 0.001996825818299963 0.6513348958482374 0.3274602848448773
0.32345684178959777 0.06092218458545068 0.6151709883118707 0.0004499853130808251
0.06247402252315021 0.06396943032579899 0.8128725555709999 0.06068399158005089
0.014033084473305257 0.2307849002376703 0.5661630745306971 0.18901894075832737
0.06244441271290896 0.3239480709891824 0.5863212858301219 0.027286230467786776
0.2615087691765828 0.3501153045071709 0.011975876889157577 0.3764000494270887
0.26042058799826173 0.022532983493832315 0.5646501024676912 0.1523963260402148
0.25828054736744366 0.5003786698498158 0.08266909560739222 0.1586716871753483
0.3971744029949174 0.28986128190869065 0.17104887781877853 0.14191543727761335
0.5504559416248596 0.15724185598600315 0.04374347016073177 0.24855873222840552
0.025833167731730222 0.6315484739180048 0.28040523810190604 0.0622131202483589
0.10746243078315337 0.11125113342694282 0.47584916173931535 0.3054372740505884
0.2521305306293951 0.21755444421635334 0.4487392553835754 0.08157576977067615
0.6018235776318117 0.04463026790663649 0.2899940343655131 0.06355212009603872
0.03316569983103579 0.07624147028396883 0.2748015348979936 0.6157912949870018
0.10989597632702114 0.43724808976454876 0.27657168273885757 0.17628425116957258
0.41035809599493944 0.07400870213911559 0.2447616509193416 0.2708715509466033
0.17643822301494816 0.21881262254750455 0.17576611026645111 0.42898304417109623
0.19911057205288374 0.0016135326199898103 0.2637473753385648 0.5355285199885617
0.528711306413653 0.2343964973359623 0.21699829934586579 0.019893896904518926
0.003929651487088015 0.35052840683728304 0.2418446130585829 0.403697328617046
0.22347020253014283 0.550888978142213 0.22552853769726433 0.00011228163037979577
0.2977852343835242 0.06801110489926099 0.047649443100892586 0.5865542176163222
0.2937700365237069 0.6279832293585977 0.02748237819283439 0.05076435592486095
0.05287762937885482 0.5990192398798976 0.0549795828955138 0.2931235478457339
0.053000138334546865 0.27530981068713234 0.04497766312687995 0.6267123878514409
0.5991009436200259 0.31965837609701186 0.03521379529745461 0.046026884985507666
0.8207453007415951 0.06281507284523691 0.05891041282560894 0.057529213587559025
0.059894195069987 0.8245440666953954 0.05677586668994694 0.05878587154467074
0.062011091936644 0.052136689058011054 0.05718215451677905 0.8286700644885658
0.6355215105837613 0.0005004334442719194 0.059894472231908635 0.30408358374005817
0.0012846968603334155
0.002000632031369972
0.0038694682213103724
0.003735227565898552
0.003881831159553297
0.004554985719607749
0.004799380599205762
0.00716519366066345
0.008796944275592288
0.006973088601266734
0.003452013693960475
0.010050252598534955
0.011118534527621972
0.005235187909249948
0.004718797935322102
0.011123248236813451
0.010698139822576655
0.013723028130094989
0.0034787841936316996
0.00409373831432888
0.0037247785804307
0.0036967198625353
0.0061559681852397545
0.0027836668439408076
0.005632644217125171
0.004676863052322175
0.0035154609736464254
0.0034317247720467626
0.0032004686326964713
0.003009512914026305
0.0020856845757201074
