44
0.008855594278705026 0.0176071561268778 0.9485639297990067 0.02497331979541051
0.03620467192851834 0.18907446887003332 0.7313673600360892 0.043353499165359244
0.6113365336918841 0.23074349679464923 0.005575773030438436 0.15234419648302822
0.02777675799356516 0.025806848872532484 0.46654058589091907 0.4798758072429833
0.15648668504006613 0.04648612941109265 0.751496536151838 0.04553064939700324
0.19554608192260203 0.24963708305787546 0.5417931824618094 0.013023652557713095
0.041494159018278354 0.04908534432749623 0.7171773570939499 0.1922431395602755
0.22097746499881787 0.257916673154309 0.012395923360195238 0.5087099384866779
0.41507658426998884 0.04312238337787977 0.49479916931999146 0.047001863032139934
0.4794066533528657 0.1999067290329215 0.3200956067503981 0.0005910108638147449
0.06224439946102034 0.12397848932781852 0.40365477501005875 0.4101223362011024
0.21251922611752921 0.03383673809722404 0.50564195098037 0.24800208480487673
0.3972754574614429 0.3828805011657269 0.08173362820479124 0.13811041316803896
0.04544737426285861 0.4721332195496736 0.4356669945456628 0.04675241164180499
0.2161396926300792 0.4935900808340201 0.039190573197535494 0.25107965333836524
0.04529074988858339 0.25022744629303856 0.49314476795906453 0.21133703585931352
0.4284077707360187 0.18224604922336085 0.06194696154684476 0.3273992184937756
0.14251462990889474 0.22808018405507902 0.12814373976661753 0.5012614462694087
0.1812621911709455 0.03082247209993083 0.25934638915961017 0.5285689475695134
0.24952076607995244 0.16469550590032833 0.24990555072575493 0.3358781772939643
0.4862252458661599 0.042430301145622684 0.27523602729990654 0.19610842568831077
0.227462049986755 0.20033070687780313 0.4489545286636978 0.12325271447174413
0.15825909334589033 0.4118962036484123 0.20739173514062348 0.22245296786507385
0.028827258900935293 0.5111060719135769 0.2295407130726555 0.23052595611283233
0.22954061506357476 0.48351828029101007 0.24201755731748043 0.04492354732793469
0.4853135576380694 0.2096423028706461 0.19861997766923117 0.10642416182205339
0.022610909636660292 0.25047192191732087 0.2224346424927786 0.5044825259532402
0.7205111657178718 0.03678064973474793 0.20436892390732542 0.038339260640054884
0.46531516041303644 0.46181172516826274 0.005422183307178363 0.06745093111152245
0.0393802186845057 0.050455006931724555 0.17319560868335104 0.7369691657004187
0.04543453035210954 0.7485745607457632 0.16329934329935403 0.04269156560277321
0.4246500540795893 0.03095052921613306 0.1362062412251983 0.4081931754790793
0.21626414889065138 0.05438301560623371 0.05125376513387364 0.6780990703692413
0.20449181374722292 0.7016567760643899 0.046868653280873196 0.04698275690751397
0.719573330071695 0.044780215496031894 0.055990644682102075 0.17965580975017104
0.04620058214866435 0.7237094950417491 0.04349881445195036 0.18659110835763615
0.5003296720329764 0.035762570878719924 0.008112050755705869 0.4557957063325978
0.04105029814548228 0.44877800775248244 0.045685365746118034 0.4644863283559173
0.03985667792342307 0.1643869309848081 0.03448207547894272 0.7612743156128261
0.7623678849544528 0.15063771178142527 0.052438389928703144 0.0345560133354188
0.49825496178220424 0.4139212834388201 0.0797578709669054 0.008065883812070185
0.04868900463902198 0.004571184374515647 0.02216207109666235 0.9245777398898001
0.03005224777593296 0.9408082028316007 0.006719678822153186 0.02241987057031314
0.9573816260583028 0.0009718783690151334 0.016007984231298344 0.02563851134138373
0.00029086392255094225
0.002510628247517186
0.00164608613248112
0.0016881535417914365
0.0029354226975222457
0.002602731533963439
0.0029981483163099916
0.0027548944667587184
0.003750760994670185
0.00213323056210327
0.00454248932241218
0.005382166773474391
0.004697614316667838
0.0040263906546356
0.005373542223987902
0.00609168178460551
0.00692791506924557
0.006510451658158443
0.004189847678431445
0.008810488117670838
0.005454545792256914
0.009298747966287912
0.008892300407975902
0.004519589747580934
0.006683134190221675
0.008629937323168073
0.003790620105750611
0.002453317862571208
0.0011495713860626099
0.002829204876335794
0.0028982004270852453
0.003759873125583727
0.0039164872564488445
0.003357785141131571
0.0034241727240937802
0.0029831339678821492
0.0012535250586434687
0.003654083101086931
0.0022892954263809065
0.00256474090206848
0.0019775701161788735
0.0004244834198904959
0.0003465140945031468
0.00025232423251917704
