57
0.22334766781360066 0.04038577127605769 0.7237240948070668 0.012542466103274919
0.04206648540987756 0.041954732007686735 0.8751960265284079 0.04078275605402781
0.014923823978476691 0.2133537804622217 0.7276112298306401 0.04411116572866147
0.03967712051591488 0.011679187767353438 0.47317164143188983 0.47547205028484185
0.03313166695541836 0.040111378240446416 0.7136911240616968 0.21306583074243846
0.1809521324516703 0.02545934399020705 0.6820586129684939 0.1115299105896288
0.14321434039782355 0.6123408021820863 0.0006662179087436604 0.24377863951134648
0.19462168026547094 0.38073703494152733 0.4205051742028667 0.004136110590134967
0.43506617679943854 0.0058073812585521245 0.4471841503422257 0.11194229159978364
0.41678208332525235 0.22683731996430073 0.007798392818596067 0.3485822038918509
0.12428564873051834 0.19237179527014758 0.656138223504377 0.02720433249495713
0.44434524781046364 0.06107660031735773 0.47485688286723493 0.019721269004943642
0.13288343303959083 0.356752136898719 0.020514571401788473 0.4898498586599017
0.015520115992182892 0.36195088137438886 0.3924336805270704 0.23009532210635786
0.03667546489013512 0.4582446695135363 0.46358572640041185 0.04149413919591671
0.23131424887153196 0.10301151380639467 0.002864577988396455 0.662809659333677
0.05281258992885335 0.18398539091736932 0.5791440724832209 0.18405794667055653
0.027432715213856873 0.12423562298820184 0.41254312429268536 0.4357885375052559
0.17990450159705018 0.039120335216891844 0.4765094010040438 0.30446576218201415
0.22715986931503285 0.14171615987452174 0.5175989795285014 0.11352499128194404
0.374496979076987 0.22224757371626447 0.3639253527626086 0.03933009444413993
0.3601567132115269 0.4587456757955503 0.036899831102124914 0.14419777989079785
0.22898400907069305 0.3364345271215077 0.08273350534732915 0.3518479584604701
0.3336191905680226 0.2709662131081066 0.1998230301014543 0.19559156622241658
0.5729563685802237 0.16687497287067898 0.0777442683512467 0.18242439019785062
0.14768706810147114 0.15246831717352372 0.09407076219108002 0.6057738525339251
0.4222286016719214 0.08342378852063626 0.30314186457449793 0.19120574523294454
0.4147619222990371 0.36335668011236444 0.16252636375060148 0.05935503383799701
0.35370035843453856 0.10961245832859001 0.1179344061919233 0.4187527770449482
0.16506284090730555 0.18197722347748058 0.30924644057908834 0.3437134950361256
0.14348292241970695 0.3787443941211687 0.34694080625475976 0.1308318772043645
0.13066568757553032 0.04580873781449252 0.2354771046476909 0.5880484699622863
0.1325043854190558 0.5571603219749478 0.12240359518816968 0.18793169741782667
0.3394322940952808 0.015389599810667454 0.24186951199808426 0.40330859409596753
0.055037393829680537 0.3516091771883739 0.1969410619376471 0.3964123670442985
0.6454494634370023 0.10315714682827426 0.20255171539540417 0.048841674339319296
0.7203807203359197 0.006891366839295254 0.2440786635406753 0.028649249284109723
0.04483105915111002 0.7098027195586392 0.21131799235917104 0.03404822893107973
0.21584553352671942 0.5655163520825289 0.18619093882693827 0.03244717556381338
0.017586813255081435 0.6044262999606027 0.20371686346026047 0.1742700233240555
0.023024766897829174 0.031387836692626736 0.20101510999608785 0.7445722864134563
0.633534755777452 0.2760774398234714 0.020294858661607518 0.07009294573746916
0.020944276301083975 0.18385499781762554 0.1704389178072655 0.6247618080740249
0.6443583098389682 0.01965056042084007 0.13409453544918648 0.20189659429100515
0.7378984493750678 0.05137368203860859 0.010524870065729885 0.20020299852059376
0.5866194063678511 0.27375496915228714 0.13317371325339267 0.006451911226469043
0.18714729211454928 0.7304989942620463 0.037069865897692234 0.045283847725712145
0.4837323966974715 0.03332720320375637 0.03722853145238236 0.4457118686463898
0.031711561535382904 0.23077311207171014 0.029149131029844122 0.7083661953630629
0.030209714970183987 0.7518893444883038 0.039313282697247265 0.1785876578442649
0.7830238380676571 0.15557890830272558 0.037227314060744476 0.02416993956887281
0.024482238281363755 0.5007701133228336 0.049332139703516964 0.4254155086922857
0.44052140484732344 0.5152850615572768 0.03307435692542837 0.01111917666997142
0.2183035505483953 0.008373268951130663 0.0638376081133778 0.7094855723870963
0.045898329792495085 0.04585901947602267 0.03930065125704729 0.868941999474435
0.8739842844692829 0.03474022441842872 0.0480297338872504 0.043245757225037984
0.037467155821040876 0.8847735952623148 0.04313984945003818 0.03461939946660619
0.0009750266138313079
0.0011822813558184358
0.0011842966827062466
0.0011999643701743608
0.001960422756541085
0.002095484520412314
0.0013133568297041516
0.001637560184133701
0.0016299004290249851
0.002377741014223796
0.002482591391785393
0.001937492188901687
0.0022143750651612707
0.002519796498600755
0.002619562878906955
0.0013663833806215094
0.0043800821139580925
0.0033148017677618016
0.004395931402994282
0.005439951471336871
0.004215437802807636
0.004232085234391215
0.005870060438901915
0.006979224618881526
0.00530755076835146
0.004687869774289422
0.006370180985658899
0.00427531366363023
0.005879894123846898
0.008183687426958103
0.007535230513202569
0.0038349148702950552
0.005952755449705821
0.0027458984630146293
0.005520179070379664
0.003730118502877723
0.0007162016044045414
0.0021645885229682536
0.0035590499516530492
0.002162543037223975
0.001174462115726252
0.001718580977267059
0.0022795392347588306
0.002563955465818872
0.001190006619366603
0.0011719418824443465
0.0021809782571800412
0.002212319341124887
0.0015275323992156766
0.0015244284474830849
0.0009077771144629978
0.002205183817607957
0.0011001900925731803
0.0013827059604750306
0.001336868422542667
0.0011235667369375684
0.0009168420416400242
